---
build/img/pdflogo-bd7ab7d9.jpg: 2015-01-22 11:16:00.654708486 +01:00
build/img/logo-525b36b0.png: 2015-01-22 11:16:07.498835535 +01:00
