---
build/img/logo.png: 2015-01-22 11:36:41.837862521 +01:00
build/img/pdflogo.jpg: 2015-01-22 11:36:35.929748609 +01:00
