---
build/apple-touch-icon-114x114-precomposed.png: 2015-01-28 08:22:22.104927912 +01:00
build/favicon.png: 2015-01-28 08:22:21.793077723 +01:00
build/img/logo.png: 2015-01-22 11:36:41.837862521 +01:00
build/img/pdflogo.jpg: 2015-01-22 11:36:35.929748609 +01:00
build/apple-touch-icon-60x60-precomposed.png: 2015-01-28 08:22:22.060949039 +01:00
build/apple-touch-icon-144x144-precomposed.png: 2015-01-28 08:22:24.875596901 +01:00
build/apple-touch-icon-152x152-precomposed.png: 2015-01-28 08:22:25.483304963 +01:00
build/favicon-32x32.png: 2015-01-28 08:22:22.404783863 +01:00
build/favicon-96x96.png: 2015-01-28 08:22:23.828100112 +01:00
build/apple-touch-icon-57x57-precomposed.png: 2015-01-28 08:22:22.920536100 +01:00
build/apple-touch-icon-76x76-precomposed.png: 2015-01-28 08:22:23.604207669 +01:00
build/apple-touch-icon-precomposed.png: 2015-01-28 08:22:23.940046333 +01:00
build/favicon-196x196.png: 2015-01-28 08:22:28.853685854 +01:00
build/apple-touch-icon-120x120-precomposed.png: 2015-01-28 08:22:25.911099453 +01:00
build/apple-touch-icon-72x72-precomposed.png: 2015-01-28 08:22:25.631233899 +01:00
build/favicon-160x160.png: 2015-01-28 08:22:28.673772283 +01:00
build/apple-touch-icon.png: 2015-01-28 08:22:26.194963086 +01:00
build/favicon-16x16.png: 2015-01-28 08:22:26.358884340 +01:00
