---
build/img/logo.png: 2015-02-23 10:25:14.752838238 +01:00
build/img/pdflogo.jpg: 2015-02-23 10:25:09.120747738 +01:00
