---
build/img/logo.png: 2015-05-30 22:46:09.840075507 +02:00
build/img/pdflogo.jpg: 2015-02-23 10:25:09.120747738 +01:00
